0 0.07796435 10 0
1 0.14601604 18 0
2 0.59806178 27 0
3 0.03486523 82 0
4 0.13238255 27 0
5 0.25901291 22 0
6 0.16427750 20 0
7 0.23237037 20 0
8 0.31193630 22 0
9 0.21835559 19 0
10 0.14559610 18 0
11 0.03319990 3 0
12 0.08590340 20 0
13 0.03126787 87 0
14 0.09413596 20 0
15 0.29804139 27 0
16 0.03664463 34 0
17 0.20943995 26 0
18 0.53256975 19 0
19 0.08039129 26 0
20 0.07020867 19 0
21 0.32520330 26 0
22 0.22691235 20 0
23 0.29533132 26 0
24 0.37970322 26 0
25 0.15668945 19 0
26 0.20743875 28 0
27 0.07214253 23 0
28 0.14866024 26 0
29 0.07857232 20 0
30 0.15839727 10 0
31 0.23689921 19 0
32 0.38729978 25 0
33 0.16962621 20 0
34 0.89813997 20 0
35 0.29758630 25 0
36 0.44107086 20 0
37 0.05517170 20 0
38 0.14612292 13 0
39 0.07933121 20 0
40 0.03340260 81 0
41 0.52798929 20 0
42 0.16749077 13 0
43 0.30135990 27 0
44 0.23066351 23 0
45 0.29996498 18 0
46 0.21801283 25 0
47 0.60202343 13 0
48 0.03174293 90 0
49 0.21177314 27 0
50 0.52353141 11 0
51 0.08222928 19 0
52 0.06843843 11 0
53 0.32619341 23 0
54 0.23105988 27 0
55 0.29946907 23 0
56 0.37754130 19 0
57 0.15181875 11 0
58 0.20890015 19 0
59 0.07485659 23 0
60 0.15121534 27 0
61 0.08066700 23 0
62 0.16000812 19 0
63 0.23217611 11 0
64 0.31636116 28 0
65 0.09636930 23 0
66 0.82689294 23 0
67 0.22246313 23 0
68 0.37490911 23 0
69 0.03933638 60 0
70 0.07602415 23 0
71 0.03585476 82 0
72 0.07228696 26 0
73 0.46072466 23 0
74 0.09562990 23 0
75 0.23211940 23 0
76 0.15698267 23 0
77 0.22827242 23 0
78 0.14537544 23 0
79 0.53347377 23 0
80 0.20264427 19 0
81 0.42841731 19 0
82 0.31415608 15 0
83 0.28995379 19 0
84 0.14653130 16 0
85 0.53251574 23 0
86 0.43923336 23 0
87 0.51289239 23 0
88 0.58607129 19 0
89 0.06256008 23 0
90 0.42170532 19 0
91 0.28522565 23 0
92 0.36607924 13 0
93 0.29187399 19 0
94 0.36882737 19 0
95 0.02938255 56 0
96 0.06864317 16 0
97 0.15696698 18 0
98 0.59351055 16 0
99 0.03820777 60 0
100 0.12307525 23 0
101 0.26984790 15 0
102 0.17562274 15 0
103 0.24194700 15 0
104 0.32193939 18 0
105 0.20911864 16 0
106 0.15516212 18 0
107 0.04036808 3 0
108 0.09648194 13 0
109 0.03404868 88 0
110 0.10493844 12 0
111 0.29070469 23 0
112 0.05901924 13 0
113 0.28328453 11 0
114 0.46140509 19 0
115 0.15118643 11 0
116 0.03432039 79 0
117 0.39439513 10 0
118 0.29773759 11 0
119 0.36884735 10 0
120 0.45105858 18 0
121 0.08433903 19 0
122 0.28168385 11 0
123 0.14395927 15 0
124 0.22138161 10 0
125 0.14909715 11 0
126 0.23157064 10 0
127 0.16565007 19 0
128 0.12702403 23 0
129 0.34916596 27 0
130 0.39087318 14 0
131 0.21663757 19 0
132 0.07291053 25 0
133 0.46278961 23 0
134 0.36800580 25 0
135 0.43509858 23 0
136 0.51364018 19 0
137 0.04135300 44 0
138 0.34570736 25 0
139 0.21223074 23 0
140 0.28847243 25 0
141 0.21908201 25 0
142 0.29476407 19 0
143 0.09676195 18 0
144 0.24631093 18 0
145 0.03808797 81 0
146 0.75744340 27 0
147 0.15205271 27 0
148 0.30023597 30 0
149 0.09154386 15 0
150 0.03382222 51 0
151 0.06620236 11 0
152 0.14255780 14 0
153 0.38811621 20 0
154 0.03686359 37 0
155 0.16122932 30 0
156 0.08527484 23 0
157 0.15659021 18 0
158 0.07545541 13 0
159 0.46210189 13 0
160 0.14366534 13 0
161 0.36380493 18 0
162 0.37327882 19 0
163 0.23363745 26 0
164 0.09002603 24 0
165 0.47387627 26 0
166 0.37715603 15 0
167 0.44431746 11 0
168 0.53020344 26 0
169 0.03984522 49 0
170 0.35686214 11 0
171 0.22491502 15 0
172 0.30455606 13 0
173 0.23456920 13 0
174 0.31107807 10 0
175 0.07884133 25 0
176 0.08861149 17 0
177 0.30922514 18 0
178 0.43286394 27 0
179 0.17764733 11 0
180 0.03498670 21 0
181 0.41669058 15 0
182 0.32454825 15 0
183 0.39089901 17 0
184 0.46889839 14 0
185 0.05313422 20 0
186 0.30421191 11 0
187 0.17179377 15 0
188 0.24843870 13 0
189 0.17877936 21 0
190 0.25332166 10 0
191 0.13493901 27 0
192 0.05388905 17 0
193 0.27685841 16 0
194 0.46057237 19 0
195 0.14561368 30 0
196 0.03326499 81 0
197 0.38788903 26 0
198 0.29336382 27 0
199 0.36451250 16 0
200 0.44641963 28 0
201 0.08840625 19 0
202 0.27627560 28 0
203 0.13880465 23 0
204 0.21565981 16 0
205 0.14477565 17 0
206 0.22359251 10 0
207 0.16919214 19 0
208 0.14297290 16 0
209 0.08065872 19 0
210 0.65732339 16 0
211 0.05046944 16 0
212 0.19612977 11 0
213 0.19315854 29 0
214 0.10026097 21 0
215 0.16612056 29 0
216 0.24534120 29 0
217 0.28002682 11 0
218 0.07920964 19 0
219 0.05681307 10 0
220 0.03983943 58 0
221 0.05163997 16 0
222 0.04091913 97 0
223 0.36295424 11 0
224 0.10159540 10 0
225 0.12219136 23 0
226 0.60819445 15 0
227 0.03931405 53 0
228 0.15376076 15 0
229 0.23619513 23 0
230 0.13954657 23 0
231 0.21058636 23 0
232 0.28559455 23 0
233 0.23675324 15 0
234 0.12159341 23 0
235 0.02809534 60 0
236 0.06196975 16 0
237 0.02629842 40 0
238 0.07011690 30 0
239 0.31754441 15 0
240 0.68079009 28 0
241 0.46416148 22 0
242 1.19455611 22 1
243 0.59562291 22 0
244 0.73947233 17 0
245 0.36104040 17 0
246 0.43940428 28 0
247 0.37435965 22 0
248 0.30154189 13 0
249 0.82372349 20 0
250 0.46018512 22 0
251 0.59630110 10 0
252 0.52643383 22 0
253 0.59856250 18 0
254 0.51617873 25 0
255 0.89531585 18 0
